<?xml version="1.0"?>
<opencv_storage>
<intrinsic type_id="opencv-matrix">
  <rows>3</rows>
  <cols>3</cols>
  <dt>d</dt>
  <data>
    8.1141522183065695e+02 0. 3.2968961893569559e+02 0.
    8.1812413765175597e+02 2.3312693822389312e+02 0. 0. 1.</data></intrinsic>
<distortion type_id="opencv-matrix">
  <rows>1</rows>
  <cols>5</cols>
  <dt>d</dt>
  <data>
    -6.0015106191909029e-02 1.7508636182264523e+00
    -5.0883905822211341e-03 1.2699426873081549e-03
    -9.5125687073978931e+00</data></distortion>
</opencv_storage>
