<?xml version="1.0"?>
<opencv_storage>
<intrinsic type_id="opencv-matrix">
  <rows>3</rows>
  <cols>3</cols>
  <dt>d</dt>
  <data>
    6.1468128300176579e+02 0. 3.1951888887266551e+02 0.
    6.1787090518654634e+02 2.2352843884801351e+02 0. 0. 1.</data></intrinsic>
<distortion type_id="opencv-matrix">
  <rows>1</rows>
  <cols>5</cols>
  <dt>d</dt>
  <data>
    -2.2240966598159628e-01 7.4301530805911808e-01
    -2.1656878429832205e-03 3.3091580228095906e-03
    -7.8588657171589782e-01</data></distortion>
</opencv_storage>
