<?xml version="1.0"?>
<opencv_storage>
<intrinsic type_id="opencv-matrix">
  <rows>3</rows>
  <cols>3</cols>
  <dt>d</dt>
  <data>
    8.1531192832739816e+02 0. 3.1624954991895402e+02 0.
    8.1361646698842583e+02 2.2495323925492929e+02 0. 0. 1.</data></intrinsic>
<distortion type_id="opencv-matrix">
  <rows>1</rows>
  <cols>5</cols>
  <dt>d</dt>
  <data>
    -6.4787803964325166e-02 1.5902326305339187e+00
    -4.7185404134622135e-03 -5.5216889857942104e-03
    -7.4961383446106193e+00</data></distortion>
</opencv_storage>
